512  
2    

1    
  0.0100000000000000   0.0000000000000000   0.0000000000000000
  -0.0817387400    0.0000000000   -0.0000000000
   0.0003791400    0.0000000000   -0.0000000000
   0.0001203600    0.0000000000   -0.0000000000
   0.0003680700    0.0000000000   -0.0000000000
  -0.0000384000    0.0000010100   -0.0000001900
   0.0000622900    0.0002815200   -0.0003709500
   0.0000831400   -0.0000001300   -0.0000411500
   0.0000630400   -0.0002827400   -0.0003754800
   0.0000060600    0.0000000000   -0.0000000000
   0.0000367700    0.0000000000   -0.0000000000
   0.0000476600    0.0000000000   -0.0000000000
   0.0000368500    0.0000000000   -0.0000000000
  -0.0000384000   -0.0000010100    0.0000001900
   0.0000622900   -0.0002815200    0.0003709500
   0.0000831400    0.0000001300    0.0000411500
   0.0000630400    0.0002827400    0.0003754800
  -0.0000384000   -0.0000001900    0.0000010100
   0.0000622900   -0.0003709500    0.0002815200
   0.0000831400   -0.0000411500   -0.0000001300
   0.0000630400   -0.0003754800   -0.0002827400
  -0.0012316700    0.0003737700    0.0003737700
   0.0000516300    0.0000260600    0.0000260600
   0.0000478200   -0.0000360600   -0.0000360600
   0.0000512200   -0.0000259700   -0.0000259700
  -0.0000238400    0.0000410800    0.0000000600
  -0.0000128100    0.0000359700   -0.0000543800
   0.0000338900   -0.0000001200    0.0000000400
  -0.0000129600    0.0000360000    0.0000544500
  -0.0012305800    0.0003730200   -0.0003730200
   0.0000518700   -0.0000263600    0.0000263600
   0.0000481400   -0.0000357400    0.0000357400
   0.0000515000    0.0000263300   -0.0000263300
   0.0000060600    0.0000000000   -0.0000000000
   0.0000367700    0.0000000000   -0.0000000000
   0.0000476600    0.0000000000   -0.0000000000
   0.0000368500    0.0000000000   -0.0000000000
  -0.0000238400    0.0000000600    0.0000410800
  -0.0000128100   -0.0000543800    0.0000359700
   0.0000338900    0.0000000400   -0.0000001200
  -0.0000129600    0.0000544500    0.0000360000
  -0.0003743900    0.0000000000   -0.0000000000
   0.0000022900    0.0000000000   -0.0000000000
   0.0000206400    0.0000000000   -0.0000000000
   0.0000019400    0.0000000000   -0.0000000000
  -0.0000238400   -0.0000000600   -0.0000410800
  -0.0000128100    0.0000543800   -0.0000359700
   0.0000338900   -0.0000000400    0.0000001200
  -0.0000129600   -0.0000544500   -0.0000360000
  -0.0000384000    0.0000001900   -0.0000010100
   0.0000622900    0.0003709500   -0.0002815200
   0.0000831400    0.0000411500    0.0000001300
   0.0000630400    0.0003754800    0.0002827400
  -0.0012305800   -0.0003730200    0.0003730200
   0.0000518700    0.0000263600   -0.0000263600
   0.0000481400    0.0000357400   -0.0000357400
   0.0000515000   -0.0000263300    0.0000263300
  -0.0000238400   -0.0000410800   -0.0000000600
  -0.0000128100   -0.0000359700    0.0000543800
   0.0000338900    0.0000001200   -0.0000000400
  -0.0000129600   -0.0000360000   -0.0000544500
  -0.0012316700   -0.0003737700   -0.0003737700
   0.0000516300   -0.0000260600   -0.0000260600
   0.0000478200    0.0000360600    0.0000360600
   0.0000512200    0.0000259700    0.0000259700
  -0.0052169800    0.0014458500    0.0014458500
   0.0001762000    0.0000323400    0.0000323400
   0.0000903700   -0.0000229700   -0.0000229700
   0.0001759400   -0.0004610700   -0.0004610700
  -0.0000032900    0.0000450000    0.0000149400
   0.0000144000    0.0001102400   -0.0000954900
   0.0000474800   -0.0000186400   -0.0000438700
   0.0000142400   -0.0000149400    0.0000647000
  -0.0000034300    0.0000447300   -0.0000152000
   0.0000141700   -0.0000153400   -0.0000641500
   0.0000478100   -0.0000186500    0.0000438500
   0.0000139500    0.0001104100    0.0000950000
  -0.0052023300    0.0014400300   -0.0014400300
   0.0001778700   -0.0004625600    0.0004625600
   0.0000905900   -0.0000231100    0.0000231100
   0.0001778300    0.0000323300   -0.0000323300
  -0.0000032900    0.0000149400    0.0000450000
   0.0000144000   -0.0000954900    0.0001102400
   0.0000474800   -0.0000438700   -0.0000186400
   0.0000142400    0.0000647000   -0.0000149400
  -0.0003726200    0.0001077900    0.0001077900
   0.0000001800    0.0000007300    0.0000007300
   0.0000281500   -0.0000028100   -0.0000028100
   0.0000005100    0.0000206100    0.0000206100
  -0.0003725400    0.0001077200   -0.0001077200
   0.0000003600    0.0000199000   -0.0000199000
   0.0000283100   -0.0000029900    0.0000029900
   0.0000010400    0.0000002300   -0.0000002300
  -0.0000034300    0.0000152000   -0.0000447300
   0.0000141700    0.0000641500    0.0000153400
   0.0000478100   -0.0000438500    0.0000186500
   0.0000139500   -0.0000950000   -0.0001104100
  -0.0000034300   -0.0000152000    0.0000447300
   0.0000141700   -0.0000641500   -0.0000153400
   0.0000478100    0.0000438500   -0.0000186500
   0.0000139500    0.0000950000    0.0001104100
  -0.0003725400   -0.0001077200    0.0001077200
   0.0000003600   -0.0000199000    0.0000199000
   0.0000283100    0.0000029900   -0.0000029900
   0.0000010400   -0.0000002300    0.0000002300
  -0.0003726200   -0.0001077900   -0.0001077900
   0.0000001800   -0.0000007300   -0.0000007300
   0.0000281500    0.0000028100    0.0000028100
   0.0000005100   -0.0000206100   -0.0000206100
  -0.0000032900   -0.0000149400   -0.0000450000
   0.0000144000    0.0000954900   -0.0001102400
   0.0000474800    0.0000438700    0.0000186400
   0.0000142400   -0.0000647000    0.0000149400
  -0.0052023300   -0.0014400300    0.0014400300
   0.0001778700    0.0004625600   -0.0004625600
   0.0000905900    0.0000231100   -0.0000231100
   0.0001778300   -0.0000323300    0.0000323300
  -0.0000034300   -0.0000447300    0.0000152000
   0.0000141700    0.0000153400    0.0000641500
   0.0000478100    0.0000186500   -0.0000438500
   0.0000139500   -0.0001104100   -0.0000950000
  -0.0000032900   -0.0000450000   -0.0000149400
   0.0000144000   -0.0001102400    0.0000954900
   0.0000474800    0.0000186400    0.0000438700
   0.0000142400    0.0000149400   -0.0000647000
  -0.0052169800   -0.0014458500   -0.0014458500
   0.0001762000   -0.0000323400   -0.0000323400
   0.0000903700    0.0000229700    0.0000229700
   0.0001759400    0.0004610700    0.0004610700
   0.0019827200   -0.0014361700    0.0019520400
   0.0001283900   -0.0000450000    0.0000242100
   0.0001278300   -0.0000448800   -0.0000237500
   0.0019683600   -0.0014501400   -0.0019429800
   0.0001364700    0.0004614200   -0.0002785700
   0.0000775300    0.0000151900   -0.0000182900
   0.0000773400   -0.0001104800   -0.0001441000
   0.0001343300   -0.0000315000    0.0002789900
   0.0000232500    0.0000229400   -0.0000077200
   0.0000259100    0.0000185100   -0.0000535600
   0.0000256600    0.0000187100    0.0000535900
   0.0000229400    0.0000232100    0.0000076300
   0.0001359800   -0.0000327400   -0.0002765400
   0.0000779200   -0.0001102600    0.0001442900
   0.0000775700    0.0000150600    0.0000181600
   0.0001343800    0.0004623500    0.0002768200
   0.0000597000   -0.0000149000    0.0000244200
   0.0000487900   -0.0001069800    0.0000861300
   0.0000488200   -0.0001084500   -0.0000865700
   0.0000596100   -0.0000150400   -0.0000240200
  -0.0000097800   -0.0000646700    0.0001440400
   0.0000303300   -0.0000204900   -0.0000033100
   0.0000299500   -0.0000010900    0.0000035100
  -0.0000101500    0.0000953500    0.0000185900
  -0.0000436300    0.0000439500   -0.0000536500
   0.0000202600    0.0000028900   -0.0000007700
   0.0000202200    0.0000028600    0.0000007600
  -0.0000439200    0.0000440500    0.0000536200
  -0.0000098400    0.0000952000   -0.0000178700
   0.0000302500   -0.0000005100   -0.0000030600
   0.0000298700   -0.0000195300    0.0000034000
  -0.0000101900   -0.0000645800   -0.0001441500
   0.0000597000    0.0000149000   -0.0000244200
   0.0000487900    0.0001069800   -0.0000861300
   0.0000488200    0.0001084500    0.0000865700
   0.0000596100    0.0000150400    0.0000240200
  -0.0000098400   -0.0000952000    0.0000178700
   0.0000302500    0.0000005100    0.0000030600
   0.0000298700    0.0000195300   -0.0000034000
  -0.0000101900    0.0000645800    0.0001441500
  -0.0000436300   -0.0000439500    0.0000536500
   0.0000202600   -0.0000028900    0.0000007700
   0.0000202200   -0.0000028600   -0.0000007600
  -0.0000439200   -0.0000440500   -0.0000536200
  -0.0000097800    0.0000646700   -0.0001440400
   0.0000303300    0.0000204900    0.0000033100
   0.0000299500    0.0000010900   -0.0000035100
  -0.0000101500   -0.0000953500   -0.0000185900
   0.0019827200    0.0014361700   -0.0019520400
   0.0001283900    0.0000450000   -0.0000242100
   0.0001278300    0.0000448800    0.0000237500
   0.0019683600    0.0014501400    0.0019429800
   0.0001359800    0.0000327400    0.0002765400
   0.0000779200    0.0001102600   -0.0001442900
   0.0000775700   -0.0000150600   -0.0000181600
   0.0001343800   -0.0004623500   -0.0002768200
   0.0000232500   -0.0000229400    0.0000077200
   0.0000259100   -0.0000185100    0.0000535600
   0.0000256600   -0.0000187100   -0.0000535900
   0.0000229400   -0.0000232100   -0.0000076300
   0.0001364700   -0.0004614200    0.0002785700
   0.0000775300   -0.0000151900    0.0000182900
   0.0000773400    0.0001104800    0.0001441000
   0.0001343300    0.0000315000   -0.0002789900
   0.0019827200    0.0019520400   -0.0014361700
   0.0001283900    0.0000242100   -0.0000450000
   0.0001278300   -0.0000237500   -0.0000448800
   0.0019683600   -0.0019429800   -0.0014501400
   0.0000597000    0.0000244200   -0.0000149000
   0.0000487900    0.0000861300   -0.0001069800
   0.0000488200   -0.0000865700   -0.0001084500
   0.0000596100   -0.0000240200   -0.0000150400
   0.0000597000   -0.0000244200    0.0000149000
   0.0000487900   -0.0000861300    0.0001069800
   0.0000488200    0.0000865700    0.0001084500
   0.0000596100    0.0000240200    0.0000150400
   0.0019827200   -0.0019520400    0.0014361700
   0.0001283900   -0.0000242100    0.0000450000
   0.0001278300    0.0000237500    0.0000448800
   0.0019683600    0.0019429800    0.0014501400
   0.0001364700   -0.0002785700    0.0004614200
   0.0000775300   -0.0000182900    0.0000151900
   0.0000773400   -0.0001441000   -0.0001104800
   0.0001343300    0.0002789900   -0.0000315000
  -0.0000097800    0.0001440400   -0.0000646700
   0.0000303300   -0.0000033100   -0.0000204900
   0.0000299500    0.0000035100   -0.0000010900
  -0.0000101500    0.0000185900    0.0000953500
  -0.0000098400    0.0000178700   -0.0000952000
   0.0000302500    0.0000030600    0.0000005100
   0.0000298700   -0.0000034000    0.0000195300
  -0.0000101900    0.0001441500    0.0000645800
   0.0001359800    0.0002765400    0.0000327400
   0.0000779200   -0.0001442900    0.0001102600
   0.0000775700   -0.0000181600   -0.0000150600
   0.0001343800   -0.0002768200   -0.0004623500
   0.0000232500   -0.0000077200    0.0000229400
   0.0000259100   -0.0000535600    0.0000185100
   0.0000256600    0.0000535900    0.0000187100
   0.0000229400    0.0000076300    0.0000232100
  -0.0000436300   -0.0000536500    0.0000439500
   0.0000202600   -0.0000007700    0.0000028900
   0.0000202200    0.0000007600    0.0000028600
  -0.0000439200    0.0000536200    0.0000440500
  -0.0000436300    0.0000536500   -0.0000439500
   0.0000202600    0.0000007700   -0.0000028900
   0.0000202200   -0.0000007600   -0.0000028600
  -0.0000439200   -0.0000536200   -0.0000440500
   0.0000232500    0.0000077200   -0.0000229400
   0.0000259100    0.0000535600   -0.0000185100
   0.0000256600   -0.0000535900   -0.0000187100
   0.0000229400   -0.0000076300   -0.0000232100
   0.0001359800   -0.0002765400   -0.0000327400
   0.0000779200    0.0001442900   -0.0001102600
   0.0000775700    0.0000181600    0.0000150600
   0.0001343800    0.0002768200    0.0004623500
  -0.0000098400   -0.0000178700    0.0000952000
   0.0000302500   -0.0000030600   -0.0000005100
   0.0000298700    0.0000034000   -0.0000195300
  -0.0000101900   -0.0001441500   -0.0000645800
  -0.0000097800   -0.0001440400    0.0000646700
   0.0000303300    0.0000033100    0.0000204900
   0.0000299500   -0.0000035100    0.0000010900
  -0.0000101500   -0.0000185900   -0.0000953500
   0.0001364700    0.0002785700   -0.0004614200
   0.0000775300    0.0000182900   -0.0000151900
   0.0000773400    0.0001441000    0.0001104800
   0.0001343300   -0.0002789900    0.0000315000
   0.0214351200    0.0150161900    0.0150161900
  -0.0001400800   -0.0000075100   -0.0000075100
  -0.0000934700    0.0000176700    0.0000176700
  -0.0004125300    0.0004515000    0.0004515000
   0.0000115800   -0.0000246400    0.0000372300
  -0.0001188800   -0.0001585800    0.0001023400
  -0.0000769200    0.0000459200    0.0000490200
   0.0000764700   -0.0000368300   -0.0000257700
   0.0000011300   -0.0000053000   -0.0000126600
  -0.0000036900   -0.0000081700    0.0000070600
  -0.0000687100   -0.0000418600   -0.0000405200
  -0.0000103400   -0.0000154700   -0.0000135000
   0.0002079100    0.0000409700    0.0000979600
  -0.0001513300    0.0001755000   -0.0001652700
  -0.0000881400   -0.0000129500   -0.0000195600
  -0.0003372600   -0.0003803300   -0.0003177300
   0.0000115800    0.0000372300   -0.0000246400
  -0.0001188800    0.0001023400   -0.0001585800
  -0.0000769200    0.0000490200    0.0000459200
   0.0000764700   -0.0000257700   -0.0000368300
   0.0003331100   -0.0003292500   -0.0003292500
  -0.0000249000   -0.0000095400   -0.0000095400
  -0.0000346900   -0.0000020700   -0.0000020700
  -0.0000034100    0.0000077600    0.0000077600
   0.0000375900   -0.0000151500    0.0000125600
  -0.0000191300   -0.0000176000    0.0000040500
  -0.0000295000   -0.0000068000    0.0000015000
   0.0000088100   -0.0000580400   -0.0000180100
   0.0000590300   -0.0000116900   -0.0000251700
  -0.0000276000    0.0000162600   -0.0000165700
  -0.0000545600    0.0000184900   -0.0000000200
  -0.0000520100    0.0000624100    0.0001616800
   0.0000011300   -0.0000126600   -0.0000053000
  -0.0000036900    0.0000070600   -0.0000081700
  -0.0000687100   -0.0000405200   -0.0000418600
  -0.0000103400   -0.0000135000   -0.0000154700
   0.0000375900    0.0000125600   -0.0000151500
  -0.0000191300    0.0000040500   -0.0000176000
  -0.0000295000    0.0000015000   -0.0000068000
   0.0000088100   -0.0000180100   -0.0000580400
   0.0001333900    0.0000651000    0.0000651000
  -0.0000150100    0.0000050400    0.0000050400
  -0.0000237500    0.0000006500    0.0000006500
   0.0000034800    0.0000155000    0.0000155000
   0.0000116400   -0.0000051000    0.0000254300
  -0.0000287200   -0.0000311200    0.0000537300
  -0.0000411100   -0.0000004400    0.0000154000
   0.0000205800    0.0000142800    0.0000194100
   0.0002079100    0.0000979600    0.0000409700
  -0.0001513300   -0.0001652700    0.0001755000
  -0.0000881400   -0.0000195600   -0.0000129500
  -0.0003372600   -0.0003177300   -0.0003803300
   0.0000590300   -0.0000251700   -0.0000116900
  -0.0000276000   -0.0000165700    0.0000162600
  -0.0000545600   -0.0000000200    0.0000184900
  -0.0000520100    0.0001616800    0.0000624100
   0.0000116400    0.0000254300   -0.0000051000
  -0.0000287200    0.0000537300   -0.0000311200
  -0.0000411100    0.0000154000   -0.0000004400
   0.0000205800    0.0000194100    0.0000142800
   0.0012001800    0.0013144000    0.0013144000
  -0.0000894000    0.0000260100    0.0000260100
  -0.0000760200   -0.0000479500   -0.0000479500
  -0.0000429300   -0.0000546600   -0.0000546600
  -0.0003302600   -0.0003726700    0.0003133200
  -0.0000874100   -0.0000120900    0.0000188400
  -0.0001503100    0.0001764800    0.0001643600
   0.0002131300    0.0000378400   -0.0001027300
  -0.0000095800   -0.0000147400    0.0000128000
  -0.0000676400   -0.0000406600    0.0000393400
  -0.0000029600   -0.0000074200   -0.0000077100
   0.0000019200   -0.0000045100    0.0000118700
   0.0000770900   -0.0000357500    0.0000247000
  -0.0000761800    0.0000464800   -0.0000496900
  -0.0001195600   -0.0001593900   -0.0001042800
   0.0000124900   -0.0000236900   -0.0000379000
  -0.0004139200    0.0004523900   -0.0004523900
  -0.0000926400    0.0000183300   -0.0000183300
  -0.0001392200   -0.0000066700    0.0000066700
   0.0212152400    0.0146327500   -0.0146327500
  -0.0000517500    0.0000636500   -0.0001620800
  -0.0000535200    0.0000192500   -0.0000005700
  -0.0000267000    0.0000168900    0.0000158300
   0.0000599800   -0.0000110700    0.0000240500
   0.0000095000   -0.0000571700    0.0000174200
  -0.0000287300   -0.0000059000   -0.0000022300
  -0.0000183200   -0.0000168300   -0.0000048000
   0.0000384100   -0.0000144300   -0.0000132500
  -0.0000028200    0.0000085900   -0.0000085900
  -0.0000340200   -0.0000013200    0.0000013200
  -0.0000242400   -0.0000089500    0.0000089500
   0.0003335600   -0.0003288100    0.0003288100
   0.0000770900   -0.0000247000    0.0000357500
  -0.0000761800    0.0000496900   -0.0000464800
  -0.0001195600    0.0001042800    0.0001593900
   0.0000124900    0.0000379000    0.0000236900
   0.0000215700    0.0000151900   -0.0000203300
  -0.0000404600    0.0000001900   -0.0000162300
  -0.0000279100   -0.0000302200   -0.0000547000
   0.0000124000   -0.0000043500   -0.0000260800
   0.0000040900    0.0000163500   -0.0000163500
  -0.0000229700    0.0000014300   -0.0000014300
  -0.0000143000    0.0000059100   -0.0000059100
   0.0001342500    0.0000658900   -0.0000658900
   0.0000095000   -0.0000174200    0.0000571700
  -0.0000287300    0.0000022300    0.0000059000
  -0.0000183200    0.0000048000    0.0000168300
   0.0000384100    0.0000132500    0.0000144300
  -0.0000095800   -0.0000128000    0.0000147400
  -0.0000676400   -0.0000393400    0.0000406600
  -0.0000029600    0.0000077100    0.0000074200
   0.0000019200   -0.0000118700    0.0000045100
  -0.0000428300   -0.0000545200    0.0000545200
  -0.0000750200   -0.0000470400    0.0000470400
  -0.0000891400    0.0000267100   -0.0000267100
   0.0011978600    0.0013150800   -0.0013150800
   0.0000215700    0.0000203300   -0.0000151900
  -0.0000404600    0.0000162300   -0.0000001900
  -0.0000279100    0.0000547000    0.0000302200
   0.0000124000    0.0000260800    0.0000043500
  -0.0000517500    0.0001620800   -0.0000636500
  -0.0000535200    0.0000005700   -0.0000192500
  -0.0000267000   -0.0000158300   -0.0000168900
   0.0000599800   -0.0000240500    0.0000110700
  -0.0003302600   -0.0003133200    0.0003726700
  -0.0000874100   -0.0000188400    0.0000120900
  -0.0001503100   -0.0001643600   -0.0001764800
   0.0002131300    0.0001027300   -0.0000378400
  -0.0003302600    0.0003133200   -0.0003726700
  -0.0000874100    0.0000188400   -0.0000120900
  -0.0001503100    0.0001643600    0.0001764800
   0.0002131300   -0.0001027300    0.0000378400
  -0.0000517500   -0.0001620800    0.0000636500
  -0.0000535200   -0.0000005700    0.0000192500
  -0.0000267000    0.0000158300    0.0000168900
   0.0000599800    0.0000240500   -0.0000110700
   0.0000215700   -0.0000203300    0.0000151900
  -0.0000404600   -0.0000162300    0.0000001900
  -0.0000279100   -0.0000547000   -0.0000302200
   0.0000124000   -0.0000260800   -0.0000043500
  -0.0000428300    0.0000545200   -0.0000545200
  -0.0000750200    0.0000470400   -0.0000470400
  -0.0000891400   -0.0000267100    0.0000267100
   0.0011978600   -0.0013150800    0.0013150800
  -0.0000095800    0.0000128000   -0.0000147400
  -0.0000676400    0.0000393400   -0.0000406600
  -0.0000029600   -0.0000077100   -0.0000074200
   0.0000019200    0.0000118700   -0.0000045100
   0.0000095000    0.0000174200   -0.0000571700
  -0.0000287300   -0.0000022300   -0.0000059000
  -0.0000183200   -0.0000048000   -0.0000168300
   0.0000384100   -0.0000132500   -0.0000144300
   0.0000040900   -0.0000163500    0.0000163500
  -0.0000229700   -0.0000014300    0.0000014300
  -0.0000143000   -0.0000059100    0.0000059100
   0.0001342500   -0.0000658900    0.0000658900
   0.0000215700   -0.0000151900    0.0000203300
  -0.0000404600   -0.0000001900    0.0000162300
  -0.0000279100    0.0000302200    0.0000547000
   0.0000124000    0.0000043500    0.0000260800
   0.0000770900    0.0000247000   -0.0000357500
  -0.0000761800   -0.0000496900    0.0000464800
  -0.0001195600   -0.0001042800   -0.0001593900
   0.0000124900   -0.0000379000   -0.0000236900
  -0.0000028200   -0.0000085900    0.0000085900
  -0.0000340200    0.0000013200   -0.0000013200
  -0.0000242400    0.0000089500   -0.0000089500
   0.0003335600    0.0003288100   -0.0003288100
   0.0000095000    0.0000571700   -0.0000174200
  -0.0000287300    0.0000059000    0.0000022300
  -0.0000183200    0.0000168300    0.0000048000
   0.0000384100    0.0000144300    0.0000132500
  -0.0000517500   -0.0000636500    0.0001620800
  -0.0000535200   -0.0000192500    0.0000005700
  -0.0000267000   -0.0000168900   -0.0000158300
   0.0000599800    0.0000110700   -0.0000240500
  -0.0004139200   -0.0004523900    0.0004523900
  -0.0000926400   -0.0000183300    0.0000183300
  -0.0001392200    0.0000066700   -0.0000066700
   0.0212152400   -0.0146327500    0.0146327500
   0.0000770900    0.0000357500   -0.0000247000
  -0.0000761800   -0.0000464800    0.0000496900
  -0.0001195600    0.0001593900    0.0001042800
   0.0000124900    0.0000236900    0.0000379000
  -0.0000095800    0.0000147400   -0.0000128000
  -0.0000676400    0.0000406600   -0.0000393400
  -0.0000029600    0.0000074200    0.0000077100
   0.0000019200    0.0000045100   -0.0000118700
  -0.0003302600    0.0003726700   -0.0003133200
  -0.0000874100    0.0000120900   -0.0000188400
  -0.0001503100   -0.0001764800   -0.0001643600
   0.0002131300   -0.0000378400    0.0001027300
   0.0012001800   -0.0013144000   -0.0013144000
  -0.0000894000   -0.0000260100   -0.0000260100
  -0.0000760200    0.0000479500    0.0000479500
  -0.0000429300    0.0000546600    0.0000546600
   0.0000116400   -0.0000254300    0.0000051000
  -0.0000287200   -0.0000537300    0.0000311200
  -0.0000411100   -0.0000154000    0.0000004400
   0.0000205800   -0.0000194100   -0.0000142800
   0.0000590300    0.0000251700    0.0000116900
  -0.0000276000    0.0000165700   -0.0000162600
  -0.0000545600    0.0000000200   -0.0000184900
  -0.0000520100   -0.0001616800   -0.0000624100
   0.0002079100   -0.0000979600   -0.0000409700
  -0.0001513300    0.0001652700   -0.0001755000
  -0.0000881400    0.0000195600    0.0000129500
  -0.0003372600    0.0003177300    0.0003803300
   0.0000116400    0.0000051000   -0.0000254300
  -0.0000287200    0.0000311200   -0.0000537300
  -0.0000411100    0.0000004400   -0.0000154000
   0.0000205800   -0.0000142800   -0.0000194100
   0.0001333900   -0.0000651000   -0.0000651000
  -0.0000150100   -0.0000050400   -0.0000050400
  -0.0000237500   -0.0000006500   -0.0000006500
   0.0000034800   -0.0000155000   -0.0000155000
   0.0000375900   -0.0000125600    0.0000151500
  -0.0000191300   -0.0000040500    0.0000176000
  -0.0000295000   -0.0000015000    0.0000068000
   0.0000088100    0.0000180100    0.0000580400
   0.0000011300    0.0000126600    0.0000053000
  -0.0000036900   -0.0000070600    0.0000081700
  -0.0000687100    0.0000405200    0.0000418600
  -0.0000103400    0.0000135000    0.0000154700
   0.0000590300    0.0000116900    0.0000251700
  -0.0000276000   -0.0000162600    0.0000165700
  -0.0000545600   -0.0000184900    0.0000000200
  -0.0000520100   -0.0000624100   -0.0001616800
   0.0000375900    0.0000151500   -0.0000125600
  -0.0000191300    0.0000176000   -0.0000040500
  -0.0000295000    0.0000068000   -0.0000015000
   0.0000088100    0.0000580400    0.0000180100
   0.0003331100    0.0003292500    0.0003292500
  -0.0000249000    0.0000095400    0.0000095400
  -0.0000346900    0.0000020700    0.0000020700
  -0.0000034100   -0.0000077600   -0.0000077600
   0.0000115800   -0.0000372300    0.0000246400
  -0.0001188800   -0.0001023400    0.0001585800
  -0.0000769200   -0.0000490200   -0.0000459200
   0.0000764700    0.0000257700    0.0000368300
   0.0002079100   -0.0000409700   -0.0000979600
  -0.0001513300   -0.0001755000    0.0001652700
  -0.0000881400    0.0000129500    0.0000195600
  -0.0003372600    0.0003803300    0.0003177300
   0.0000011300    0.0000053000    0.0000126600
  -0.0000036900    0.0000081700   -0.0000070600
  -0.0000687100    0.0000418600    0.0000405200
  -0.0000103400    0.0000154700    0.0000135000
   0.0000115800    0.0000246400   -0.0000372300
  -0.0001188800    0.0001585800   -0.0001023400
  -0.0000769200   -0.0000459200   -0.0000490200
   0.0000764700    0.0000368300    0.0000257700
   0.0214351200   -0.0150161900   -0.0150161900
  -0.0001400800    0.0000075100    0.0000075100
  -0.0000934700   -0.0000176700   -0.0000176700
  -0.0004125300   -0.0004515000   -0.0004515000

257  
  0.0100000000000000   0.0000000000000000   0.0000000000000000
   0.0212126800    0.0146172400    0.0146172400
  -0.0004118300    0.0000397200    0.0000397200
  -0.0000914300   -0.0000050800   -0.0000050800
  -0.0001371000   -0.0000243400   -0.0000243400
   0.0002111300    0.0004521600    0.0001034100
  -0.0003316100   -0.0003758500    0.0013167500
  -0.0000859200   -0.0000148400    0.0000255600
  -0.0001485400   -0.0000362100   -0.0000242500
   0.0000029300    0.0000177400   -0.0000124300
  -0.0000078900   -0.0000125300   -0.0000047500
  -0.0000660000   -0.0000414000    0.0000661000
  -0.0000013300    0.0000463700    0.0000129500
   0.0000134800   -0.0000069400    0.0000375300
   0.0000791900    0.0001757600   -0.0000107400
  -0.0000745000   -0.0000077700   -0.0000144800
  -0.0001170000   -0.0001590000   -0.0003281000
   0.0002111300    0.0001034100    0.0004521600
  -0.0003316100    0.0013167500   -0.0003758500
  -0.0000859200    0.0000255600   -0.0000148400
  -0.0001485400   -0.0000242500   -0.0000362100
   0.0011955400   -0.0003141900   -0.0003141900
  -0.0000399900   -0.0000545400   -0.0000545400
  -0.0000732400    0.0000199000    0.0000199000
  -0.0000868600    0.0001617100    0.0001617100
   0.0000136700   -0.0000191800   -0.0000129400
   0.0000233800   -0.0000474400    0.0000147800
  -0.0000385900    0.0000156100    0.0000160400
  -0.0000263800    0.0000003600   -0.0000178100
   0.0000611900   -0.0001651700   -0.0000256800
  -0.0000497600    0.0000262600    0.0000628600
  -0.0000522700    0.0000544200   -0.0000577700
  -0.0000253600   -0.0000164300    0.0000080300
   0.0000029300   -0.0000124300    0.0000177400
  -0.0000078900   -0.0000047500   -0.0000125300
  -0.0000660000    0.0000661000   -0.0000414000
  -0.0000013300    0.0000129500    0.0000463700
   0.0000136700   -0.0000129400   -0.0000191800
   0.0000233800    0.0000147800   -0.0000474400
  -0.0000385900    0.0000160400    0.0000156100
  -0.0000263800   -0.0000178100    0.0000003600
   0.0001357900   -0.0000397800   -0.0000397800
   0.0000060200    0.0000000400    0.0000000400
  -0.0000211200    0.0000014100    0.0000014100
  -0.0000131500    0.0000021300    0.0000021300
   0.0000401000    0.0000074300    0.0000495400
   0.0000113500   -0.0000307900    0.0000186400
  -0.0000275300    0.0000057200   -0.0000063300
  -0.0000163200    0.0000043700   -0.0000014500
   0.0000134800    0.0000375300   -0.0000069400
   0.0000791900   -0.0000107400    0.0001757600
  -0.0000745000   -0.0000144800   -0.0000077700
  -0.0001170000   -0.0003281000   -0.0001590000
   0.0000611900   -0.0000256800   -0.0001651700
  -0.0000497600    0.0000628600    0.0000262600
  -0.0000522700   -0.0000577700    0.0000544200
  -0.0000253600    0.0000080300   -0.0000164300
   0.0000401000    0.0000495400    0.0000074300
   0.0000113500    0.0000186400   -0.0000307900
  -0.0000275300   -0.0000063300    0.0000057200
  -0.0000163200   -0.0000014500    0.0000043700
   0.0003335300    0.0001028700    0.0001028700
  -0.0000013800    0.0000165300    0.0000165300
  -0.0000320500   -0.0000171700   -0.0000171700
  -0.0000225500   -0.0000093600   -0.0000093600
   0.0212126800   -0.0146172400   -0.0146172400
  -0.0004118300   -0.0000397200   -0.0000397200
  -0.0000914300    0.0000050800    0.0000050800
  -0.0001371000    0.0000243400    0.0000243400
   0.0000134800    0.0000069400   -0.0000375300
   0.0000791900   -0.0001757600    0.0000107400
  -0.0000745000    0.0000077700    0.0000144800
  -0.0001170000    0.0001590000    0.0003281000
   0.0000029300   -0.0000177400    0.0000124300
  -0.0000078900    0.0000125300    0.0000047500
  -0.0000660000    0.0000414000   -0.0000661000
  -0.0000013300   -0.0000463700   -0.0000129500
   0.0002111300   -0.0004521600   -0.0001034100
  -0.0003316100    0.0003758500   -0.0013167500
  -0.0000859200    0.0000148400   -0.0000255600
  -0.0001485400    0.0000362100    0.0000242500
   0.0000134800   -0.0000375300    0.0000069400
   0.0000791900    0.0000107400   -0.0001757600
  -0.0000745000    0.0000144800    0.0000077700
  -0.0001170000    0.0003281000    0.0001590000
   0.0003335300   -0.0001028700   -0.0001028700
  -0.0000013800   -0.0000165300   -0.0000165300
  -0.0000320500    0.0000171700    0.0000171700
  -0.0000225500    0.0000093600    0.0000093600
   0.0000401000   -0.0000495400   -0.0000074300
   0.0000113500   -0.0000186400    0.0000307900
  -0.0000275300    0.0000063300   -0.0000057200
  -0.0000163200    0.0000014500   -0.0000043700
   0.0000611900    0.0000256800    0.0001651700
  -0.0000497600   -0.0000628600   -0.0000262600
  -0.0000522700    0.0000577700   -0.0000544200
  -0.0000253600   -0.0000080300    0.0000164300
   0.0000029300    0.0000124300   -0.0000177400
  -0.0000078900    0.0000047500    0.0000125300
  -0.0000660000   -0.0000661000    0.0000414000
  -0.0000013300   -0.0000129500   -0.0000463700
   0.0000401000   -0.0000074300   -0.0000495400
   0.0000113500    0.0000307900   -0.0000186400
  -0.0000275300   -0.0000057200    0.0000063300
  -0.0000163200   -0.0000043700    0.0000014500
   0.0001357900    0.0000397800    0.0000397800
   0.0000060200   -0.0000000400   -0.0000000400
  -0.0000211200   -0.0000014100   -0.0000014100
  -0.0000131500   -0.0000021300   -0.0000021300
   0.0000136700    0.0000129400    0.0000191800
   0.0000233800   -0.0000147800    0.0000474400
  -0.0000385900   -0.0000160400   -0.0000156100
  -0.0000263800    0.0000178100   -0.0000003600
   0.0002111300   -0.0001034100   -0.0004521600
  -0.0003316100   -0.0013167500    0.0003758500
  -0.0000859200   -0.0000255600    0.0000148400
  -0.0001485400    0.0000242500    0.0000362100
   0.0000611900    0.0001651700    0.0000256800
  -0.0000497600   -0.0000262600   -0.0000628600
  -0.0000522700   -0.0000544200    0.0000577700
  -0.0000253600    0.0000164300   -0.0000080300
   0.0000136700    0.0000191800    0.0000129400
   0.0000233800    0.0000474400   -0.0000147800
  -0.0000385900   -0.0000156100   -0.0000160400
  -0.0000263800   -0.0000003600    0.0000178100
   0.0011955400    0.0003141900    0.0003141900
  -0.0000399900    0.0000545400    0.0000545400
  -0.0000732400   -0.0000199000   -0.0000199000
  -0.0000868600   -0.0001617100   -0.0001617100
   0.0214421400   -0.0150316100    0.0150316100
  -0.0001374200    0.0000239300   -0.0000239300
  -0.0000912700    0.0000049800   -0.0000049800
  -0.0004113300   -0.0000398800    0.0000398800
   0.0002145900   -0.0004516900    0.0000971800
  -0.0001488600    0.0000368900   -0.0000251100
  -0.0000858600    0.0000151000    0.0000256300
  -0.0003325400    0.0003775700    0.0013125000
   0.0000032700   -0.0000178100   -0.0000124700
  -0.0000011500   -0.0000464200    0.0000125900
  -0.0000660700    0.0000413700    0.0000652700
  -0.0000081000    0.0000125000   -0.0000047400
   0.0000142600    0.0000068300    0.0000378200
  -0.0001171700    0.0001593100   -0.0003297600
  -0.0000745100    0.0000075700   -0.0000148200
   0.0000782700   -0.0001758100   -0.0000123400
   0.0000142600   -0.0000378200   -0.0000068300
  -0.0001171700    0.0003297600   -0.0001593100
  -0.0000745100    0.0000148200   -0.0000075700
   0.0000782700    0.0000123400    0.0001758100
   0.0000620400    0.0000252800   -0.0001645100
  -0.0000253100   -0.0000082800   -0.0000164300
  -0.0000522300    0.0000576600    0.0000541700
  -0.0000497400   -0.0000625400    0.0000264600
   0.0000402800   -0.0000494000    0.0000073300
  -0.0000164200    0.0000015000    0.0000043600
  -0.0000275300    0.0000063100    0.0000056400
   0.0000113600   -0.0000188100   -0.0000306600
   0.0003359900   -0.0001037100    0.0001037100
  -0.0000226800    0.0000093900   -0.0000093900
  -0.0000321400    0.0000172800   -0.0000172800
  -0.0000012700   -0.0000166100    0.0000166100
   0.0000032700    0.0000124700    0.0000178100
  -0.0000011500   -0.0000125900    0.0000464200
  -0.0000660700   -0.0000652700   -0.0000413700
  -0.0000081000    0.0000047400   -0.0000125000
   0.0000140400    0.0000131700   -0.0000191900
  -0.0000265400    0.0000178000    0.0000004100
  -0.0000385600   -0.0000162400    0.0000156300
   0.0000231800   -0.0000150200   -0.0000475300
   0.0001365900    0.0000398500   -0.0000398500
  -0.0000132100   -0.0000021600    0.0000021600
  -0.0000209400   -0.0000015300    0.0000015300
   0.0000061500    0.0000000900   -0.0000000900
   0.0000402800   -0.0000073300    0.0000494000
  -0.0000164200   -0.0000043600   -0.0000015000
  -0.0000275300   -0.0000056400   -0.0000063100
   0.0000113600    0.0000306600    0.0000188100
   0.0002145900   -0.0000971800    0.0004516900
  -0.0001488600    0.0000251100   -0.0000368900
  -0.0000858600   -0.0000256300   -0.0000151000
  -0.0003325400   -0.0013125000   -0.0003775700
   0.0012067900    0.0003171600   -0.0003171600
  -0.0000872000   -0.0001620400    0.0001620400
  -0.0000732300   -0.0000199100    0.0000199100
  -0.0000404300    0.0000546200   -0.0000546200
   0.0000140400    0.0000191900   -0.0000131700
  -0.0000265400   -0.0000004100   -0.0000178000
  -0.0000385600   -0.0000156300    0.0000162400
   0.0000231800    0.0000475300    0.0000150200
   0.0000620400    0.0001645100   -0.0000252800
  -0.0000253100    0.0000164300    0.0000082800
  -0.0000522300   -0.0000541700   -0.0000576600
  -0.0000497400   -0.0000264600    0.0000625400
   0.0214421400    0.0150316100   -0.0150316100
  -0.0001374200   -0.0000239300    0.0000239300
  -0.0000912700   -0.0000049800    0.0000049800
  -0.0004113300    0.0000398800   -0.0000398800
   0.0000142600   -0.0000068300   -0.0000378200
  -0.0001171700   -0.0001593100    0.0003297600
  -0.0000745100   -0.0000075700    0.0000148200
   0.0000782700    0.0001758100    0.0000123400
   0.0000032700    0.0000178100    0.0000124700
  -0.0000011500    0.0000464200   -0.0000125900
  -0.0000660700   -0.0000413700   -0.0000652700
  -0.0000081000   -0.0000125000    0.0000047400
   0.0002145900    0.0004516900   -0.0000971800
  -0.0001488600   -0.0000368900    0.0000251100
  -0.0000858600   -0.0000151000   -0.0000256300
  -0.0003325400   -0.0003775700   -0.0013125000
   0.0002145900    0.0000971800   -0.0004516900
  -0.0001488600   -0.0000251100    0.0000368900
  -0.0000858600    0.0000256300    0.0000151000
  -0.0003325400    0.0013125000    0.0003775700
   0.0000620400   -0.0001645100    0.0000252800
  -0.0000253100   -0.0000164300   -0.0000082800
  -0.0000522300    0.0000541700    0.0000576600
  -0.0000497400    0.0000264600   -0.0000625400
   0.0000140400   -0.0000191900    0.0000131700
  -0.0000265400    0.0000004100    0.0000178000
  -0.0000385600    0.0000156300   -0.0000162400
   0.0000231800   -0.0000475300   -0.0000150200
   0.0012067900   -0.0003171600    0.0003171600
  -0.0000872000    0.0001620400   -0.0001620400
  -0.0000732300    0.0000199100   -0.0000199100
  -0.0000404300   -0.0000546200    0.0000546200
   0.0000032700   -0.0000124700   -0.0000178100
  -0.0000011500    0.0000125900   -0.0000464200
  -0.0000660700    0.0000652700    0.0000413700
  -0.0000081000   -0.0000047400    0.0000125000
   0.0000402800    0.0000073300   -0.0000494000
  -0.0000164200    0.0000043600    0.0000015000
  -0.0000275300    0.0000056400    0.0000063100
   0.0000113600   -0.0000306600   -0.0000188100
   0.0001365900   -0.0000398500    0.0000398500
  -0.0000132100    0.0000021600   -0.0000021600
  -0.0000209400    0.0000015300   -0.0000015300
   0.0000061500   -0.0000000900    0.0000000900
   0.0000140400   -0.0000131700    0.0000191900
  -0.0000265400   -0.0000178000   -0.0000004100
  -0.0000385600    0.0000162400   -0.0000156300
   0.0000231800    0.0000150200    0.0000475300
   0.0000142600    0.0000378200    0.0000068300
  -0.0001171700   -0.0003297600    0.0001593100
  -0.0000745100   -0.0000148200    0.0000075700
   0.0000782700   -0.0000123400   -0.0001758100
   0.0003359900    0.0001037100   -0.0001037100
  -0.0000226800   -0.0000093900    0.0000093900
  -0.0000321400   -0.0000172800    0.0000172800
  -0.0000012700    0.0000166100   -0.0000166100
   0.0000402800    0.0000494000   -0.0000073300
  -0.0000164200   -0.0000015000   -0.0000043600
  -0.0000275300   -0.0000063100   -0.0000056400
   0.0000113600    0.0000188100    0.0000306600
   0.0000620400   -0.0000252800    0.0001645100
  -0.0000253100    0.0000082800    0.0000164300
  -0.0000522300   -0.0000576600   -0.0000541700
  -0.0000497400    0.0000625400   -0.0000264600
  -0.0982505300   -0.0000000000    0.0000000000
   0.0001274400   -0.0000000000    0.0000000000
   0.0000891600   -0.0000000000    0.0000000000
   0.0001277600   -0.0000000000    0.0000000000
  -0.0000517900   -0.0000002000    0.0000000000
   0.0003113400    0.0003642300   -0.0003686600
   0.0000650500    0.0000000400   -0.0000104600
   0.0003083800   -0.0003613900   -0.0003682900
  -0.0000253500   -0.0000000000    0.0000000000
   0.0000000700   -0.0000000000    0.0000000000
   0.0001222500   -0.0000000000    0.0000000000
   0.0000004500   -0.0000000000    0.0000000000
  -0.0000517900    0.0000002000   -0.0000000000
   0.0003113400   -0.0003642300    0.0003686600
   0.0000650500   -0.0000000400    0.0000104600
   0.0003083800    0.0003613900    0.0003682900
  -0.0000517900    0.0000000000   -0.0000002000
   0.0003113400   -0.0003686600    0.0003642300
   0.0000650500   -0.0000104600    0.0000000400
   0.0003083800   -0.0003682900   -0.0003613900
  -0.0003521100    0.0003678600    0.0003678600
   0.0000153100    0.0000188700    0.0000188700
   0.0000615300   -0.0000237800   -0.0000237800
   0.0000155800   -0.0000189200   -0.0000189200
  -0.0000202600    0.0000103600   -0.0000000100
   0.0000077300    0.0000240300    0.0000096500
   0.0000222100    0.0000000000    0.0000000800
   0.0000078500    0.0000238300   -0.0000094700
  -0.0003553100    0.0003691500   -0.0003691500
   0.0000154300   -0.0000190000    0.0000190000
   0.0000614100   -0.0000240200    0.0000240200
   0.0000156400    0.0000190300   -0.0000190300
  -0.0000253500   -0.0000000000    0.0000000000
   0.0000000700   -0.0000000000    0.0000000000
   0.0001222500   -0.0000000000    0.0000000000
   0.0000004500   -0.0000000000    0.0000000000
  -0.0000202600   -0.0000000100    0.0000103600
   0.0000077300    0.0000096500    0.0000240300
   0.0000222100    0.0000000800    0.0000000000
   0.0000078500   -0.0000094700    0.0000238300
  -0.0000796900   -0.0000000000    0.0000000000
  -0.0000063200   -0.0000000000    0.0000000000
   0.0000193200   -0.0000000000    0.0000000000
  -0.0000061600   -0.0000000000    0.0000000000
  -0.0000202600    0.0000000100   -0.0000103600
   0.0000077300   -0.0000096500   -0.0000240300
   0.0000222100   -0.0000000800   -0.0000000000
   0.0000078500    0.0000094700   -0.0000238300
  -0.0000517900   -0.0000000000    0.0000002000
   0.0003113400    0.0003686600   -0.0003642300
   0.0000650500    0.0000104600   -0.0000000400
   0.0003083800    0.0003682900    0.0003613900
  -0.0003553100   -0.0003691500    0.0003691500
   0.0000154300    0.0000190000   -0.0000190000
   0.0000614100    0.0000240200   -0.0000240200
   0.0000156400   -0.0000190300    0.0000190300
  -0.0000202600   -0.0000103600    0.0000000100
   0.0000077300   -0.0000240300   -0.0000096500
   0.0000222100   -0.0000000000   -0.0000000800
   0.0000078500   -0.0000238300    0.0000094700
  -0.0003521100   -0.0003678600   -0.0003678600
   0.0000153100   -0.0000188700   -0.0000188700
   0.0000615300    0.0000237800    0.0000237800
   0.0000155800    0.0000189200    0.0000189200
   0.0018110400    0.0022272700   -0.0017828100
   0.0000890900    0.0000128100   -0.0000070100
   0.0000891300   -0.0000130300   -0.0000073200
   0.0017894900   -0.0021961700   -0.0017815100
  -0.0000267900    0.0000129200    0.0000036600
   0.0001183600    0.0001248000   -0.0000826600
   0.0001177800   -0.0001241700   -0.0000822300
  -0.0000265900   -0.0000130000    0.0000034700
  -0.0000267900   -0.0000129200   -0.0000036600
   0.0001183600   -0.0001248000    0.0000826600
   0.0001177800    0.0001241700    0.0000822300
  -0.0000265900    0.0000130000   -0.0000034700
   0.0018110400   -0.0022272700    0.0017828100
   0.0000890900   -0.0000128100    0.0000070100
   0.0000891300    0.0000130300    0.0000073200
   0.0017894900    0.0021961700    0.0017815100
  -0.0000465300    0.0000137400    0.0001711400
   0.0000753600    0.0000113100    0.0000025300
   0.0000754600   -0.0000601100   -0.0000612000
  -0.0000456800   -0.0000125300   -0.0000183400
  -0.0000255700    0.0000600700    0.0000045700
   0.0000264000    0.0000044900    0.0000016200
   0.0000263000   -0.0000044200   -0.0000106900
  -0.0000253900   -0.0000112000    0.0000046900
  -0.0000255100   -0.0000111900   -0.0000043900
   0.0000262900   -0.0000044000    0.0000106500
   0.0000262900    0.0000044200   -0.0000015000
  -0.0000253100    0.0000602900   -0.0000044000
  -0.0000454300   -0.0000128200    0.0000183900
   0.0000756500   -0.0000602800    0.0000616000
   0.0000755900    0.0000111600   -0.0000028600
  -0.0000445100    0.0000117400   -0.0001718900
  -0.0000137400    0.0000051100    0.0000079500
   0.0000269500    0.0000057700    0.0000163900
   0.0000269900   -0.0000056200    0.0000163500
  -0.0000136700   -0.0000052500    0.0000079900
  -0.0000102300    0.0000057400    0.0000227200
   0.0000140700    0.0000010700    0.0000006000
   0.0000140000   -0.0000010100    0.0000006600
  -0.0000102800   -0.0000055900    0.0000225800
  -0.0000102300   -0.0000057400   -0.0000227200
   0.0000140700   -0.0000010700   -0.0000006000
   0.0000140000    0.0000010100   -0.0000006600
  -0.0000102800    0.0000055900   -0.0000225800
  -0.0000137400   -0.0000051100   -0.0000079500
   0.0000269500   -0.0000057700   -0.0000163900
   0.0000269900    0.0000056200   -0.0000163500
  -0.0000136700    0.0000052500   -0.0000079900
  -0.0000454300    0.0000128200   -0.0000183900
   0.0000756500    0.0000602800   -0.0000616000
   0.0000755900   -0.0000111600    0.0000028600
  -0.0000445100   -0.0000117400    0.0001718900
  -0.0000255100    0.0000111900    0.0000043900
   0.0000262900    0.0000044000   -0.0000106500
   0.0000262900   -0.0000044200    0.0000015000
  -0.0000253100   -0.0000602900    0.0000044000
  -0.0000255700   -0.0000600700   -0.0000045700
   0.0000264000   -0.0000044900   -0.0000016200
   0.0000263000    0.0000044200    0.0000106900
  -0.0000253900    0.0000112000   -0.0000046900
  -0.0000465300   -0.0000137400   -0.0001711400
   0.0000753600   -0.0000113100   -0.0000025300
   0.0000754600    0.0000601100    0.0000612000
  -0.0000456800    0.0000125300    0.0000183400
   0.0018110400   -0.0017828100    0.0022272700
   0.0000890900   -0.0000070100    0.0000128100
   0.0000891300   -0.0000073200   -0.0000130300
   0.0017894900   -0.0017815100   -0.0021961700
  -0.0000465300    0.0001711400    0.0000137400
   0.0000753600    0.0000025300    0.0000113100
   0.0000754600   -0.0000612000   -0.0000601100
  -0.0000456800   -0.0000183400   -0.0000125300
  -0.0000137400    0.0000079500    0.0000051100
   0.0000269500    0.0000163900    0.0000057700
   0.0000269900    0.0000163500   -0.0000056200
  -0.0000136700    0.0000079900   -0.0000052500
  -0.0000454300   -0.0000183900    0.0000128200
   0.0000756500   -0.0000616000    0.0000602800
   0.0000755900    0.0000028600   -0.0000111600
  -0.0000445100    0.0001718900   -0.0000117400
  -0.0000267900    0.0000036600    0.0000129200
   0.0001183600   -0.0000826600    0.0001248000
   0.0001177800   -0.0000822300   -0.0001241700
  -0.0000265900    0.0000034700   -0.0000130000
  -0.0000255700    0.0000045700    0.0000600700
   0.0000264000    0.0000016200    0.0000044900
   0.0000263000   -0.0000106900   -0.0000044200
  -0.0000253900    0.0000046900   -0.0000112000
  -0.0000102300    0.0000227200    0.0000057400
   0.0000140700    0.0000006000    0.0000010700
   0.0000140000    0.0000006600   -0.0000010100
  -0.0000102800    0.0000225800   -0.0000055900
  -0.0000255100    0.0000043900    0.0000111900
   0.0000262900   -0.0000106500    0.0000044000
   0.0000262900    0.0000015000   -0.0000044200
  -0.0000253100    0.0000044000   -0.0000602900
  -0.0000267900   -0.0000036600   -0.0000129200
   0.0001183600    0.0000826600   -0.0001248000
   0.0001177800    0.0000822300    0.0001241700
  -0.0000265900   -0.0000034700    0.0000130000
  -0.0000255100   -0.0000043900   -0.0000111900
   0.0000262900    0.0000106500   -0.0000044000
   0.0000262900   -0.0000015000    0.0000044200
  -0.0000253100   -0.0000044000    0.0000602900
  -0.0000102300   -0.0000227200   -0.0000057400
   0.0000140700   -0.0000006000   -0.0000010700
   0.0000140000   -0.0000006600    0.0000010100
  -0.0000102800   -0.0000225800    0.0000055900
  -0.0000255700   -0.0000045700   -0.0000600700
   0.0000264000   -0.0000016200   -0.0000044900
   0.0000263000    0.0000106900    0.0000044200
  -0.0000253900   -0.0000046900    0.0000112000
   0.0018110400    0.0017828100   -0.0022272700
   0.0000890900    0.0000070100   -0.0000128100
   0.0000891300    0.0000073200    0.0000130300
   0.0017894900    0.0017815100    0.0021961700
  -0.0000454300    0.0000183900   -0.0000128200
   0.0000756500    0.0000616000   -0.0000602800
   0.0000755900   -0.0000028600    0.0000111600
  -0.0000445100   -0.0001718900    0.0000117400
  -0.0000137400   -0.0000079500   -0.0000051100
   0.0000269500   -0.0000163900   -0.0000057700
   0.0000269900   -0.0000163500    0.0000056200
  -0.0000136700   -0.0000079900    0.0000052500
  -0.0000465300   -0.0001711400   -0.0000137400
   0.0000753600   -0.0000025300   -0.0000113100
   0.0000754600    0.0000612000    0.0000601100
  -0.0000456800    0.0000183400    0.0000125300
  -0.0011344000    0.0017732100    0.0017732100
   0.0001204700    0.0000183000    0.0000183000
   0.0000696400   -0.0000080000   -0.0000080000
   0.0001205700   -0.0001712600   -0.0001712600
  -0.0000241000    0.0000071500   -0.0000036900
  -0.0000094800    0.0000611700   -0.0000043100
   0.0000500100   -0.0000162800   -0.0000227300
  -0.0000091000   -0.0000027400   -0.0000044200
  -0.0000242400    0.0000073000    0.0000035700
  -0.0000092200   -0.0000027700    0.0000045200
   0.0000499600   -0.0000163400    0.0000228400
  -0.0000087400    0.0000614000    0.0000047000
  -0.0011363100    0.0017908400   -0.0017908400
   0.0001206000   -0.0001718300    0.0001718300
   0.0000698200   -0.0000080100    0.0000080100
   0.0001208600    0.0000184100   -0.0000184100
  -0.0000241000   -0.0000036900    0.0000071500
  -0.0000094800   -0.0000043100    0.0000611700
   0.0000500100   -0.0000227300   -0.0000162800
  -0.0000091000   -0.0000044200   -0.0000027400
  -0.0001368300    0.0000822200    0.0000822200
   0.0000054700    0.0000107600    0.0000107600
   0.0000201400   -0.0000006600   -0.0000006600
   0.0000058000   -0.0000013800   -0.0000013800
  -0.0001372100    0.0000826400   -0.0000826400
   0.0000053200   -0.0000014400    0.0000014400
   0.0000202200   -0.0000006800    0.0000006800
   0.0000055500    0.0000106200   -0.0000106200
  -0.0000242400   -0.0000035700   -0.0000073000
  -0.0000092200   -0.0000045200    0.0000027700
   0.0000499600   -0.0000228400    0.0000163400
  -0.0000087400   -0.0000047000   -0.0000614000
  -0.0000242400    0.0000035700    0.0000073000
  -0.0000092200    0.0000045200   -0.0000027700
   0.0000499600    0.0000228400   -0.0000163400
  -0.0000087400    0.0000047000    0.0000614000
  -0.0001372100   -0.0000826400    0.0000826400
   0.0000053200    0.0000014400   -0.0000014400
   0.0000202200    0.0000006800   -0.0000006800
   0.0000055500   -0.0000106200    0.0000106200
  -0.0001368300   -0.0000822200   -0.0000822200
   0.0000054700   -0.0000107600   -0.0000107600
   0.0000201400    0.0000006600    0.0000006600
   0.0000058000    0.0000013800    0.0000013800
  -0.0000241000    0.0000036900   -0.0000071500
  -0.0000094800    0.0000043100   -0.0000611700
   0.0000500100    0.0000227300    0.0000162800
  -0.0000091000    0.0000044200    0.0000027400
  -0.0011363100   -0.0017908400    0.0017908400
   0.0001206000    0.0001718300   -0.0001718300
   0.0000698200    0.0000080100   -0.0000080100
   0.0001208600   -0.0000184100    0.0000184100
  -0.0000242400   -0.0000073000   -0.0000035700
  -0.0000092200    0.0000027700   -0.0000045200
   0.0000499600    0.0000163400   -0.0000228400
  -0.0000087400   -0.0000614000   -0.0000047000
  -0.0000241000   -0.0000071500    0.0000036900
  -0.0000094800   -0.0000611700    0.0000043100
   0.0000500100    0.0000162800    0.0000227300
  -0.0000091000    0.0000027400    0.0000044200
  -0.0011344000   -0.0017732100   -0.0017732100
   0.0001204700   -0.0000183000   -0.0000183000
   0.0000696400    0.0000080000    0.0000080000
   0.0001205700    0.0001712600    0.0001712600
